1 129.08882584864156
2 129.2809952349384
3 143.8251737246189
4 141.6139133934975
5 131.92105572675828
6 138.21713532362025
7 119.9405862996563
8 127.17821681423152
9 149.5316441161086
10 136.85874639188305
11 137.3694139367054
12 133.9492322838194
13 137.5431925346171
14 132.93246247469267
15 135.556126304863
16 124.26557217530728
17 126.4218371665519
18 113.58890206144203
19 120.50852037246007
20 144.46276136981962
21 119.5287762256791
22 135.82735280113513
23 120.89950473713672
24 145.24018299201117
25 127.71030768321468
26 140.07330606556383
27 154.7454881687052
28 137.4408621520528
29 133.06708675533415
30 135.3252914795992
31 130.27731800322022
32 143.492819576949
33 137.42316362847436
34 130.47915594085688
35 130.90168923128616
36 142.87248883434492
37 141.4536121929483
38 116.85573243603879
39 122.19456775904044
40 134.22262311503272
41 131.86358731661292
42 132.60146791106908
43 125.21216346485622
44 120.71112187612457
45 139.61942722499404
46 139.0341357027533
47 138.79772156146782
48 146.2099532152988
49 118.06795583218474
50 136.61303796970913
