1 435.5863132319372
2 418.7586502369206
3 457.37995095342455
4 555.7338149869591
5 352.04614907618156
6 484.2109018875976
7 269.263905214674
8 460.7107633529735
9 569.2841576993651
10 510.6240989892233
11 521.2311827389796
12 336.8500286957659
13 463.835652002491
14 387.3188065689237
15 456.4183169472552
16 304.3832754351351
17 356.5771779172516
18 314.1296599904877
19 353.55531642679114
20 483.29526635503044
21 390.35076471314017
22 489.1575210123412
23 311.475481549975
24 498.9021973666626
25 370.84854888307495
26 514.0009249507359
27 552.075429730099
28 489.4266402710182
29 455.33486652862024
30 518.2771082549573
31 355.4412670283448
32 438.72991304302843
33 452.65546803631247
34 440.38902452736255
35 472.2800781539773
36 451.98741384445754
37 465.81394547915
38 334.0086646526824
39 367.9304269981073
40 490.1972236035663
41 403.1522041531287
42 449.22461180448187
43 350.6154367107725
44 319.18240010716073
45 504.9630969700954
46 453.29295866386815
47 512.280888864073
48 547.9014520381144
49 313.7038843119038
50 432.84889753542944
