1 66.03463253878414
2 64.56986235284742
3 68.62658042424724
4 65.76621530986105
5 73.43275448229737
6 66.82465345176347
7 67.53008936690257
8 63.7366847337589
9 68.26128388305787
10 62.2665463459104
11 59.827590157949665
12 69.62204958157595
13 67.13127655099701
14 74.59691996461238
15 68.84181076172847
16 71.38965790770396
17 68.48283712151076
18 58.25116276864908
19 63.839305168575365
20 73.35360407779889
21 62.258405998751215
22 62.8700680749281
23 64.61051605453088
24 74.27121204751663
25 62.18418259270397
26 62.4063680950265
27 78.22470776614449
28 63.15137193678419
29 67.50909075531686
30 65.32659752881217
31 66.3314723720525
32 75.9846052292448
33 70.34401231744651
34 63.93573272535692
35 62.49069985397379
36 75.18433414064562
37 71.83563470817381
38 61.79530462985641
39 57.40468834170599
40 59.19944281102173
41 77.40474272733438
42 66.75213401909234
43 60.75267181281207
44 62.78885991738921
45 63.30957897967387
46 64.10903714767535
47 65.15734791914653
48 63.92077574476384
49 67.48525468014033
50 64.40406906656685
