1 128.25437935264966
2 118.61884627846614
3 148.22414453107191
4 121.47518999642136
5 148.11301530134673
6 122.11215185229345
7 136.99386724452728
8 94.97748328719935
9 140.9346612646968
10 103.66526883841158
11 118.92824299466734
12 158.25262223771168
13 123.56209096932434
14 128.8447484720865
15 123.74306514952455
16 123.92588763688718
17 117.44252670108206
18 98.93091524570795
19 101.87997168186428
20 132.82205615875222
21 96.77613779115805
22 104.93550770398758
23 127.45866215387919
24 137.74323648819964
25 129.78598970242578
26 119.32891909134545
27 159.8251573521637
28 123.31247347372894
29 110.14690857923
30 93.7506990667142
31 140.38315513296405
32 143.00755698689812
33 132.0952552250635
34 124.60698373473988
35 113.02926704135722
36 146.40777707894455
37 138.6915659641042
38 100.14973255702792
39 104.83832487500494
40 113.51995865254922
41 113.68405996969405
42 113.99480466651235
43 142.0071536332873
44 121.68555194057448
45 123.20775676133901
46 127.58427950463455
47 118.22287579054817
48 136.03520113840392
49 109.3144876384359
50 133.43652984727984
