1 106.95979295961432
2 111.21488723710125
3 115.25223263442244
4 112.6665841834265
5 113.21760885949669
6 115.13114315059381
7 112.51684648549555
8 108.77557877232078
9 111.99182470249058
10 112.42625523392387
11 110.89077600163532
12 115.26139593081967
13 115.56473647967573
14 116.3324154960314
15 112.35327024701357
16 117.4440649064967
17 114.97665951616509
18 113.7661667482711
19 115.13162446810928
20 116.6708121005138
21 110.80225310534813
22 112.27553385233273
23 112.64342520488043
24 113.25076749520376
25 115.84933862737033
26 112.00489112447976
27 113.63173385317013
28 111.55841701668109
29 112.64513154858244
30 115.21336294881462
31 114.49291444485249
32 118.24298240526683
33 113.44654474702234
34 109.02323780123675
35 108.65237075596448
36 116.05057376620888
37 112.9217023395137
38 114.9163846043252
39 112.3996521038216
40 111.6628683643632
41 115.52745036791896
42 113.1108833409876
43 110.7390525077931
44 111.95670755424757
45 114.3328564845033
46 114.11192622323567
47 115.78430403838281
48 113.65659842615005
49 114.04693005242538
50 113.98058337269937
