1 109.82642866579612
2 105.24270666647212
3 100.72979661029214
4 106.44640906869903
5 104.63057102115772
6 102.36561962078041
7 103.56672427492518
8 108.97078861592962
9 107.53741939912965
10 105.33149102498132
11 107.83833873944931
12 100.19765906774991
13 102.4347666888708
14 104.53969691469618
15 105.15131116189836
16 99.729094353371
17 101.17158635331239
18 105.36015926334761
19 105.24430361188679
20 100.78050891057025
21 105.5379976973019
22 105.71279697109136
23 101.8648707533769
24 104.28550238342741
25 100.13799746803983
26 107.86346678018106
27 104.13041839602508
28 102.09550769828766
29 101.12372044154678
30 106.40117459696707
31 100.86839128041709
32 97.12319357123214
33 101.12823276423696
34 105.68546206607034
35 104.232965542442
36 99.88982490141063
37 106.33979754522002
38 103.85283466986083
39 104.84083636675673
40 106.50106352554508
41 100.30743211362541
42 100.62342596194061
43 102.31944714036004
44 102.32930713392402
45 106.5783719602074
46 103.49978133318541
47 104.05498307711989
48 104.91582522896603
49 103.31493268099211
50 102.89976833267602
