1 94.79692247923188
2 96.23060076222716
3 101.17309353893755
4 94.04233527562364
5 97.565604688578
6 98.17769747365722
7 96.77161160953469
8 93.1211892119464
9 97.25405280974095
10 94.35057312583956
11 100.26169536649844
12 92.2882440536156
13 100.41333827895552
14 97.68825689302331
15 98.04571289971848
16 99.02362131448945
17 97.73101376636937
18 92.19339859476207
19 95.35845312086073
20 98.9841021416076
21 91.97341452053539
22 95.37174634095943
23 97.5691902280139
24 94.81832736116739
25 94.07960501569828
26 95.00629000225786
27 100.24351205135095
28 93.07314535386443
29 97.57347208467012
30 97.26811545896898
31 102.69184284820264
32 105.74547883730254
33 97.31334427390668
34 96.73338688601419
35 88.95968381636344
36 101.58072622062583
37 93.21369453043675
38 95.65878061174021
39 91.55177151586432
40 92.30127568684053
41 95.247977534473
42 100.73375064594471
43 95.94556749084356
44 95.07715566580151
45 96.7455812639528
46 99.21666914851528
47 98.93445028098952
48 93.77943090417878
49 96.2619334267526
50 193.9145474539792
