1 69.69557701576005
2 67.39521871897674
3 73.57655671868363
4 72.2825607770515
5 69.85544776799942
6 70.73754282929247
7 71.12138644652882
8 66.89576432064558
9 69.04584034042206
10 72.1781609709535
11 65.30774371464493
12 70.85609536592962
13 68.6324059050603
14 71.94162743541831
15 70.23134510785049
16 71.75247899163705
17 67.81654752059976
18 65.73180495704362
19 71.57022332758797
20 67.53785855809764
21 69.40814287846004
22 65.46675331744103
23 71.71679852075066
24 72.30936596307859
25 73.68289187958466
26 69.37475101400814
27 77.07372308159941
28 74.33772514122187
29 69.60904825507137
30 66.84653339539862
31 70.92981358309274
32 69.5846088366475
33 70.90529412160997
34 69.15354975014785
35 66.72784657425487
36 71.16920174065416
37 74.99910162160965
38 68.05886465413597
39 68.732744446091
40 69.2044435418035
41 73.52992640918424
42 66.2398402384411
43 63.7287236353808
44 69.6627076407357
45 74.16216615436802
46 67.76902234964462
47 69.24733913165149
48 74.60774745664183
49 70.95927172227312
50 67.85644053017913
