1 28.11229351382636
2 30.451376769589935
3 33.061202068088825
4 26.004281068944362
5 28.11243372120191
6 30.12268688491076
7 32.33862912057854
8 28.73910083491365
9 30.261585931056878
10 30.386405005492954
11 28.94621026511316
12 30.249570604139944
13 31.096228442791688
14 30.372021339717392
15 29.497406741272247
16 30.521859300345213
17 33.73634533868425
18 31.607110838508103
19 30.471130215991238
20 32.360000080495325
21 28.599171313924437
22 30.540095863636914
23 28.862908117973564
24 31.02859326168594
25 29.396075261051585
26 30.42277791623836
27 29.22528732055218
28 29.75716699255803
29 31.87508411313915
30 29.111334030480933
31 31.102487931985028
32 32.88027733492785
33 32.99496843783446
34 28.666629421680124
35 27.94338631099494
36 32.76736753722603
37 28.521135158978574
38 30.85553825999821
39 31.592706548259883
40 29.538788033714823
41 28.73851179013314
42 31.33834659786347
43 30.24663342299984
44 31.694506539361942
45 27.924571751654124
46 33.50510846725613
47 28.20490563373668
48 28.884520971489703
49 29.647307254586156
50 31.06048070486942
