1 64.64937002019026
2 150.4151847819896
3 60.71773216082381
4 61.38329877944748
5 60.142541558529224
6 60.650662752351806
7 60.5257062933444
8 62.81036668491627
9 61.71667729995905
10 60.70772452327304
11 62.3212181074763
12 62.95272779055863
13 59.46741888945736
14 64.76940252657084
15 62.409615698926935
16 62.10266065134522
17 106.04113488443107
18 60.30382275224965
19 62.19661092103134
20 61.081911127506544
21 69.69995747450788
22 61.300669261881275
23 61.157883867726106
24 59.42667163309942
25 61.42291841527742
26 61.155236904057816
27 60.25247468563751
28 60.14467383034172
29 63.51655181153045
30 60.06396687623009
31 64.01490485883451
32 60.94593926354944
33 63.91522109290129
34 60.10238726361491
35 60.98113228674192
36 64.57409575874836
37 60.31175669538224
38 60.53122001560963
39 59.82326641552087
40 100.23088811916624
41 60.467772663398286
42 60.501926435314594
43 60.04155393563777
44 63.865448519870775
45 63.35858125984842
46 60.36219608567878
47 60.941230655543876
48 61.72755761324584
49 61.932936877561346
50 61.521581061677466
