1 53.50756856318394
2 64.37370584059721
3 53.7064465275471
4 52.949350884716
5 53.908451228225076
6 54.0672437912114
7 53.482583703824496
8 52.99632405306202
9 53.65486959510862
10 53.32020443551383
11 53.20193553354166
12 54.264011030258516
13 53.2387442928413
14 53.31932422860905
15 53.254147092293
16 52.61903445966607
17 63.22004114820755
18 53.09788619430058
19 54.0730227368645
20 53.767851555619934
21 64.38798650928591
22 53.79594703474973
23 53.42051584590248
24 52.70238590971068
25 53.40273250901642
26 53.514737541911494
27 53.98882376626125
28 52.79778780708706
29 52.394774048228484
30 54.14607396209954
31 54.20306090321118
32 53.96586922537296
33 53.24174627195651
34 53.315193570258494
35 53.63549502953424
36 53.52577057399484
37 53.80257527361808
38 53.479736538682026
39 53.59098144743567
40 62.94493379459016
41 53.286417089417355
42 52.87106000351211
43 53.19412412393263
44 53.49016075382059
45 53.228206007480594
46 53.091995893032106
47 53.80413770130653
48 53.04022538093809
49 53.49707328355923
50 53.64852811403325
