1 49.596757875949855
2 100.94501007407288
3 48.88354232708405
4 49.15837008261418
5 48.87591209971751
6 48.74152281555401
7 48.92755638173
8 49.66079899036632
9 49.23874574515267
10 49.045784961407946
11 49.365188408731974
12 50.02579302181038
13 48.57977084916143
14 50.783143205814746
15 49.33369053042664
16 49.515317914628326
17 80.86232229913938
18 48.39484073266425
19 49.4717819801877
20 48.64597577550274
21 74.92784875649862
22 49.237015716868605
23 49.25488853801779
24 48.45400075599326
25 49.703730313404456
26 48.88624867923952
27 49.20342407551606
28 48.88723690815195
29 50.21069926163048
30 49.384042117716724
31 50.54703661316585
32 49.05668095244609
33 50.31618156957769
34 48.898084450883296
35 49.97434628653226
36 49.78024665243184
37 48.952832418689155
38 48.88992185492261
39 48.852792396926915
40 71.73675225687329
41 48.69376802965153
42 48.91021830610528
43 49.01755703301277
44 50.09646335013205
45 50.38833879275534
46 49.0660823042702
47 49.584458741970906
48 49.109757091931904
49 49.60933893019599
50 49.56664516684939
