1 56.68128155367969
2 100.10149689589694
3 55.30153672174738
4 55.260934739724675
5 55.252799731448064
6 55.56259284610195
7 55.137859219390435
8 56.09717950427324
9 55.82973542073408
10 55.441315558147444
11 55.72122809251228
12 56.53927702468581
13 54.65402564414277
14 56.706538211075866
15 56.16727744294651
16 55.442957768515754
17 84.60675265353242
18 54.790712822006704
19 56.13369269799848
20 55.642845455605524
21 69.19335307569872
22 55.71328572129166
23 55.387297292651546
24 54.56565928868471
25 55.65472628269651
26 55.599400263982744
27 55.37015975073629
28 54.82647525951419
29 56.10230599345173
30 55.7674661572759
31 56.9311106224824
32 55.53598958578642
33 56.43837954480458
34 55.028612251307614
35 55.607404789802096
36 56.67900604089689
37 55.30660608127563
38 55.39937301220961
39 54.99613186300833
40 83.16525798860452
41 54.96057138768189
42 54.792535297072895
43 55.003750124457696
44 56.55076487070233
45 56.37741554588842
46 54.91751022524064
47 55.551841447873656
48 55.55200155811366
49 55.822686295374204
50 55.711251254036206
