1 62.42079113460381
2 109.38406522502066
3 59.949813709954846
4 59.26545457600738
5 60.75292206373995
6 61.32527349371505
7 58.765509618652644
8 62.35910467391119
9 61.148280932510566
10 62.582322474341126
11 60.322418338305795
12 60.94840337670132
13 59.434680251078774
14 60.18696385602535
15 64.0054471819766
16 60.579546316969385
17 117.3402519125063
18 60.382292564992476
19 60.84596996043421
20 62.2163281681098
21 76.41155509452086
22 61.346552750490915
23 60.21642303327642
24 60.78458220182517
25 61.21714800713821
26 61.24671945574538
27 60.94516321341483
28 60.07023211977075
29 60.404684156028225
30 62.75947764028124
31 61.29749618486018
32 60.54478925146045
33 61.1198655655449
34 60.17090166742383
35 60.80195356690419
36 60.46685287430999
37 60.66501485431754
38 61.67540197344921
39 59.87711963286238
40 147.8095778059933
41 59.68868111547149
42 58.58434879587406
43 60.17264067908112
44 61.29643962766099
45 61.435399802196834
46 58.80183350256015
47 59.891263862618096
48 61.34973744436258
49 60.29009467676613
50 60.12982840831924
