1 71.56339326923363
2 67.32851554219066
3 74.11920851053755
4 69.8606522795303
5 70.92905178675018
6 64.81313128025096
7 69.17605804823509
8 71.31787038043787
9 68.99822457545831
10 68.03143390045874
11 73.66769349188122
12 74.67752504458701
13 76.10042061334819
14 70.72642296372696
15 73.8131243310072
16 72.31148270545498
17 71.19241459614453
18 73.08532879802348
19 68.9614089369226
20 73.2244610244249
21 69.82947423012712
22 70.62455317836914
23 68.12958925520125
24 68.35477333909577
25 69.42445592603994
26 71.91741572091
27 71.26285803253437
28 71.57489837066032
29 68.87401671145923
30 72.22740940097317
31 68.80072691514704
32 74.86312258433817
33 69.15337054407217
34 71.46831376723553
35 72.31537143166908
36 71.74826269113679
37 69.07512087251973
38 68.83311128838746
39 67.72655151638628
40 67.33740053628534
41 67.17066978180753
42 72.10767201496239
43 69.17574966739829
44 68.8645519775272
45 70.23086324619713
46 70.5170771859672
47 68.9649084475994
48 679.650933779794
49 67.99982704317496
50 68.18860279629504
