1 141.65240681715906
2 139.9649836976312
3 146.37793812198322
4 133.95853633183302
5 143.44250604787425
6 138.7478572940654
7 135.48314635981063
8 140.10265276766575
9 137.83101184657517
10 144.46786469086473
11 133.97849942104583
12 138.26637479205718
13 137.87098710036932
14 134.54441753666785
15 139.1414790277893
16 134.29739439770898
17 132.02080456708202
18 144.84087885382144
19 141.6090062051503
20 140.25294973787973
21 139.57345858783998
22 138.02422116603356
23 141.6140647401652
24 132.45295171351074
25 138.24709393784124
26 133.26777230184206
27 147.2537282844442
28 130.73893336416867
29 129.79503313563532
30 136.3784130469508
31 146.05558289954186
32 136.84014104000968
33 133.08226173846182
34 142.0359303935704
35 143.73728782889722
36 136.91556360466396
37 140.25076717414876
38 141.37417991381992
39 138.67646891740267
40 141.9956410489243
41 134.80848246750858
42 133.19023246640418
43 135.2133235398098
44 136.64960437872645
45 134.26206407095825
46 134.0741749620906
47 143.67965309286092
48 134.17350465855532
49 144.80181157754515
50 139.95591674014182
