1 95.95517694905867
2 82.3983709902103
3 100.51284046626975
4 94.65212904459314
5 95.72087466764746
6 92.44977354453533
7 100.46635876929784
8 100.06253870483702
9 97.44574479397407
10 94.64900959342405
11 96.5870369471173
12 98.38494374824788
13 92.43879235631312
14 97.06469977766805
15 93.1394090386102
16 94.30480698290795
17 90.89991311096888
18 90.13123740832093
19 94.84190858411387
20 93.98815779800191
21 91.72244551176692
22 94.06536548841076
23 96.62560593323252
24 93.11418121515652
25 96.68703770162485
26 95.90857589227322
27 88.5670397909117
28 96.25344680875426
29 101.55273215569281
30 98.86913185627165
31 97.99972051740974
32 94.0572674778327
33 95.35358107380478
34 93.19674839894883
35 143.09317313004104
36 101.67484276388964
37 97.19916251120563
38 95.4316870131446
39 93.62844861621879
40 98.6853832372123
41 96.22742283291191
42 97.38594776715549
43 97.20543809194871
44 101.88711911902939
45 104.89566443269183
46 99.00496275018126
47 99.2780468188893
48 95.00195496727588
49 94.42900671010479
50 98.42060391119239
