1 36.81176936855869
2 31.938940767943514
3 31.706505728426766
4 36.710823454423966
5 34.354431482513405
6 37.29941161416951
7 35.11657190662086
8 32.654354721906415
9 33.43037161946835
10 35.36181267887853
11 34.61806072119779
12 36.85256416489443
13 36.22748001187521
14 33.02283558620155
15 35.69853707826773
16 36.550884011867765
17 31.463053382874943
18 32.85856084612436
19 37.967515471018764
20 37.22476426190089
21 30.716288332763583
22 34.838361508062206
23 33.75532285290134
24 33.07874571664078
25 33.81342821489422
26 38.24704943568305
27 33.90497319488199
28 33.31208202332571
29 39.1852029215612
30 34.84196154094452
31 33.327613827808236
32 32.34687329572458
33 33.223653210683736
34 35.56857300065852
35 33.04767931135739
36 37.69040334341042
37 31.961021308335862
38 36.37326148574496
39 31.706159195921117
40 30.72278249930102
41 29.57015033985967
42 36.99257915363165
43 33.441398889521764
44 33.92430331195327
45 31.70062841183679
46 34.51024406011006
47 33.6599757598571
48 31.050062866555002
49 34.6310856426968
50 33.679294190610975
