1 213.5426781052248
2 240.80711659108474
3 245.14455220563445
4 393.97582835350016
5 251.82966653799008
6 277.57398313638595
7 268.635937214337
8 776.3008347936742
9 334.6374630495588
10 449.646746547369
11 395.98331503090253
12 300.5685041790939
13 295.9941073630646
14 210.53184318683762
15 66.49512382173099
16 483.9607105632595
17 373.88473746020793
18 386.3419999536969
19 574.2475563419232
20 236.19855329191535
21 154.44306713190284
22 210.75778033727096
23 112.68746464548816
24 508.6390175816348
25 589.2843747766993
26 298.4573005867635
27 354.78266142933325
28 424.6480670556347
29 285.67525852809234
30 145.19135432062697
31 448.0551911388094
32 117.99608654471871
33 621.0198200276601
34 153.90931924842556
35 318.9812384453596
36 288.66966709530925
37 516.3608298373514
38 303.05425928437484
39 143.0562986731998
40 338.0771245809408
41 288.2080970535533
42 331.857534079024
43 315.03057341784734
44 74.6650643927846
45 276.86380253906174
46 277.8194513020371
47 159.77510822268624
48 399.990761638886
49 434.81235559503756
50 257.00325429736057
