1 152.17975322669156
2 215.55069277254668
3 197.1084312958397
4 91.14978345773513
5 91.01144367347322
6 122.29638666302584
7 246.04418196466898
8 516.1372420840127
9 298.2349670033578
10 618.3747700952987
11 445.6279550513815
12 323.55340915460886
13 213.13900488616292
14 87.82461699381747
15 57.38922206649307
16 423.2366423038068
17 292.50492165741014
18 332.92393936720856
19 169.15003972463555
20 168.097112331715
21 73.6803713413162
22 112.69895339912524
23 85.47558733592992
24 1063.7788928318544
25 808.8319687635209
26 362.9674432064268
27 378.2741150756072
28 817.929395566221
29 84.95468029459244
30 108.60973543013189
31 234.47555491423427
32 56.5142609697354
33 188.4700338502633
34 110.23151441470112
35 242.35391407396688
36 119.52587788924455
37 232.44381514187052
38 201.11352976193388
39 56.61433722568485
40 79.17113627345522
41 176.64258474088598
42 392.77226596549116
43 257.3476858686375
44 56.51668502408676
45 189.06129659015744
46 57.90822820102044
47 59.62641067425403
48 403.7501753746863
49 297.78410929988974
50 185.58740788605368
