1 244.84579172492408
2 255.32383877378524
3 282.24271981759796
4 515.0786072365237
5 453.82991842775783
6 425.6743522219678
7 259.72490487377536
8 532.6739079039628
9 347.91440199287695
10 369.3918831764701
11 446.9149723037505
12 265.9252808151675
13 389.22231660809814
14 372.191993017907
15 58.85604197109614
16 512.6719828646972
17 315.3074852052182
18 289.7396684062497
19 561.9182577666978
20 197.97686097306794
21 289.47275768321015
22 307.1984732500846
23 113.5002677245918
24 529.6506264966116
25 343.14958865910984
26 326.3338719137693
27 330.2705758928853
28 488.4186828046716
29 420.95471725588925
30 135.61046301279526
31 410.7005030191542
32 132.10202648034144
33 629.925540093772
34 189.8299808554716
35 364.48902374477336
36 312.0115094917568
37 413.4574584078966
38 376.57483151220384
39 219.06678155852933
40 423.5763477153011
41 273.91923279762403
42 377.75188662845846
43 368.5500256598984
44 69.93225550607275
45 297.12912731980725
46 403.6750621106287
47 338.1341141574716
48 374.2041956580204
49 402.3758212369713
50 348.3392629812554
