1 183.9152645975867
2 200.0492717306264
3 217.15118700183407
4 277.3382017729795
5 199.33944151944937
6 232.3412497328036
7 236.283025270121
8 551.8614168250906
9 282.6003834153498
10 427.608769657753
11 370.9152973241708
12 260.2329932909755
13 251.92604959595636
14 166.88411434832966
15 60.412501083065074
16 452.166518591958
17 254.76460136076093
18 288.5293942114599
19 414.0445574039704
20 166.12239253855182
21 123.1965077722331
22 159.03723493302772
23 92.61447448598001
24 454.8735254437085
25 417.67786998147744
26 284.4032261304674
27 312.5369048908433
28 451.248187778628
29 210.31211606776682
30 123.72904315782341
31 346.8306991378381
32 83.49179671597834
33 466.56138675572345
34 123.08302072557667
35 277.484999027656
36 224.46249738039467
37 302.4195902501953
38 226.36515160991357
39 107.55267558475813
40 259.1108485150093
41 224.88093665390915
42 284.48474472587577
43 241.83930683088113
44 65.33709800120779
45 194.89098130876948
46 191.0267116080658
47 133.9956153188566
48 321.4073960533141
49 345.2259707148992
50 240.23953665775448
