1 162.9215151052539
2 134.61278302480216
3 177.4752936509323
4 216.31967075415668
5 151.9197494203976
6 189.79170247642244
7 189.77460943759186
8 406.45437165127487
9 196.02755511249507
10 349.11613861558857
11 250.648492122983
12 175.1963679505209
13 185.76246851366517
14 117.83475407190024
15 59.55055935646745
16 392.8799899865439
17 152.6024094604597
18 193.59831659877636
19 297.32924548165937
20 95.0075148644648
21 97.81954757090182
22 102.61160592819297
23 74.9278663148864
24 209.38136055845445
25 233.53524740950897
26 186.88319539930185
27 220.33934019152682
28 291.5369043495401
29 132.0109042536092
30 118.58182839045276
31 260.56986130834554
32 68.04267332610709
33 309.72954938785296
34 84.54576878317312
35 225.5854052895231
36 228.2440421684379
37 166.99057732295637
38 135.51722863388787
39 101.6680491398377
40 257.0529796416477
41 191.72275077410114
42 149.8143407244164
43 127.38096749441699
44 68.59959631417581
45 90.63692573745797
46 160.23549589625506
47 133.47442594528968
48 206.569138461906
49 271.2867519041826
50 224.67389236720294
