1 87.97092217127472
2 82.19080104153991
3 84.4867355253989
4 87.91748228635038
5 89.17906594238187
6 85.4728427103928
7 78.9247977376701
8 83.02051181273721
9 85.42129348189758
10 58.40214157131243
11 84.70585357152608
12 84.8189134031362
13 83.05436982613168
14 87.20445181956643
15 84.29499489764447
16 67.79435795231217
17 88.59851446967892
18 91.6268152220783
19 79.02116515401472
20 85.10026873587661
21 88.50874446462943
22 90.6602025969591
23 92.75793865662858
24 89.50952046597376
25 59.82364198106672
26 79.1081412608862
27 67.91104019895313
28 72.93025655368238
29 84.882518768809
30 90.49000638795043
31 85.32015314782132
32 89.21306243311909
33 73.09524203105148
34 94.17854728759147
35 72.33485472662004
36 83.26319952621365
37 85.20383949579993
38 85.8343210357761
39 92.09846652934903
40 77.28929784518878
41 84.6650654442176
42 84.54726823648464
43 85.61868015092674
44 90.09820362222995
45 86.21905806595701
46 86.8772398218913
47 89.42073517376237
48 77.08562187753606
49 77.58712965882205
50 86.61348410469076
