1 155.72221826923254
2 155.5763433559673
3 154.87299804904177
4 163.09147342611976
5 163.87535098956246
6 158.44661458830439
7 89.957225955906
8 158.0200905795559
9 135.93772394552266
10 89.84133259118606
11 101.93241305977962
12 138.1962774395171
13 151.0697283387096
14 161.14332886629626
15 159.21998834789287
16 98.8327117149039
17 141.2271287171996
18 143.3582570725367
19 145.87397934154916
20 152.67920490522098
21 161.55175041627461
22 159.05972804537805
23 159.93375172641157
24 114.97371278393251
25 63.827877214250016
26 94.76622767091492
27 145.96239244511264
28 91.37905557392841
29 158.69890877086206
30 162.12392556538612
31 146.65584572497718
32 162.53894776019123
33 125.683377538978
34 155.27932693368675
35 134.1250363314902
36 156.0935172029341
37 139.93113489851734
38 155.09140347065846
39 163.13929177323826
40 161.90586778295742
41 148.78898646734163
42 137.60334500341392
43 132.31984177159998
44 163.16651706825468
45 151.14771734793084
46 165.85057269519461
47 162.20177105014392
48 147.07999790504556
49 127.57316704877475
50 153.85160924955983
