1 100.33203412415816
2 90.04150614037272
3 90.1526194828798
4 79.24454996489057
5 94.6571769884592
6 97.13901077164819
7 77.28436540318535
8 45.782320632892244
9 90.69564420750741
10 60.132457184242554
11 68.6717298511075
12 90.01777857353449
13 90.85682480832192
14 101.06815515682808
15 103.06525062228634
16 70.89679238280921
17 93.95626171908835
18 80.63696763591243
19 73.11115833860411
20 97.48397836822272
21 104.96006419436279
22 104.92863962238152
23 109.25283181640654
24 70.3945096423175
25 41.93234029127369
26 120.96008001622707
27 74.27231404508825
28 72.75628057920966
29 96.32018633078862
30 97.63782321531151
31 73.35054365823422
32 105.87352685094169
33 55.80586472114581
34 101.05187464744004
35 87.91405612933512
36 96.32782866212017
37 72.27455768439178
38 97.80959831472846
39 99.7527091994385
40 89.90246268577702
41 93.55002455641366
42 79.792718297258
43 80.40902393940137
44 105.35446077601674
45 98.9429027645229
46 92.92914757910476
47 97.26655062874214
48 78.23627305056627
49 76.87169026995667
50 100.32939275831582
