1 31.982223342592388
2 29.70518105677189
3 30.160038757518116
4 34.93863804982699
5 30.775921473285944
6 32.73302633878521
7 29.97271785527298
8 29.450433610178322
9 31.23738939158709
10 33.68361012606816
11 30.321869863572353
12 31.67517924239279
13 32.16250566015503
14 36.24563121062426
15 34.81833703978528
16 30.108250194540993
17 36.327938274072004
18 29.01460940214382
19 30.696676245030925
20 33.59506983779897
21 30.74129815496847
22 31.292104580983374
23 32.56373227708654
24 28.99643631172955
25 41.51064386234654
26 34.132991803964885
27 33.873545576219065
28 31.036185363800808
29 33.71421124946897
30 35.71379068476996
31 32.999279196894996
32 34.4664563126186
33 28.48739318310276
34 32.01015417697516
35 32.33153148016378
36 31.117625918640147
37 33.51522522807123
38 31.68969302296434
39 32.10651531830385
40 32.26899704051411
41 33.72861732506929
42 31.780166694417353
43 43.59195339957761
44 34.16578084658841
45 30.223357387235744
46 35.539282855579124
47 29.6897746112238
48 34.74027085851131
49 31.535254900091577
50 34.06446629494092
