1 96.24158695758503
2 98.06191034242481
3 91.00935115843409
4 101.70474884553471
5 85.58154065325165
6 100.09135901763128
7 97.75234619858458
8 76.55194632317266
9 92.79107429105284
10 91.41472364832526
11 84.33182912561733
12 102.35037188179163
13 101.61619175009402
14 89.54833730969783
15 87.57027382062138
16 94.18469385377854
17 98.74089325248165
18 84.43196452551402
19 99.0109785860476
20 85.6293607330773
21 99.4154938334007
22 85.40560167987881
23 99.4994460364765
24 93.21832504330378
25 104.85485432028776
26 90.47249575257915
27 87.34159429359823
28 84.06392636933472
29 95.00274999569537
30 86.74367591277283
31 89.42483506629351
32 86.85336746927108
33 97.64289066923881
34 95.93288299150498
35 100.72080565282292
36 92.42209431284496
37 93.86844128752377
38 87.13534065331604
39 92.38990546192642
40 87.27587513364709
41 90.8765721320133
42 93.52051784576518
43 94.47360098561552
44 98.03060991767855
45 101.34267104653499
46 95.11931310556882
47 89.36303091876471
48 90.7910166387942
49 96.19996778044104
50 94.92106589877817
