1 170.2570587882222
2 175.23532485423038
3 175.1531744961048
4 150.2588285552854
5 176.10901488039883
6 162.62516574572084
7 174.5967620741217
8 159.1533527206323
9 163.89915330562724
10 155.86739954124732
11 150.68050526405278
12 172.60058825604514
13 172.860171164792
14 160.17110310422387
15 151.50750945264085
16 209.95298850765843
17 168.63008465785418
18 203.5181923601519
19 154.23314111349546
20 170.85407697195092
21 161.10474445746107
22 146.17535127502808
23 174.35809032478028
24 146.57575678635433
25 155.95220214078788
26 154.0620761452397
27 152.29018077118175
28 167.76457337235036
29 162.38358842841146
30 179.3721233600373
31 159.07150232429382
32 188.03594499965973
33 156.7540207370961
34 148.40403943413895
35 155.59868766009959
36 137.02030579150494
37 162.02022963191314
38 168.0693553768302
39 164.18238910264498
40 151.09446194682963
41 157.49216481978183
42 163.68493190305335
43 185.68965397891446
44 179.34498978866105
45 167.19746161082912
46 179.49997682339335
47 148.2093533549467
48 143.54787738262272
49 158.44632095593155
50 183.75431976244488
