1 105.1023024520246
2 88.39765229928945
3 97.62207140494512
4 71.69576462862427
5 76.3583848946019
6 87.82486923492105
7 98.6216372661696
8 91.8564920401992
9 92.0252347502111
10 83.0371633908358
11 79.02540819075641
12 96.44352046220345
13 96.09782829368655
14 78.10971498094501
15 93.89156617597446
16 97.51667483295824
17 85.26543119973272
18 151.5640392304176
19 80.14184887549752
20 78.91388959509646
21 71.38526103517408
22 87.04463962238528
23 86.14730106288118
24 90.04483613193506
25 81.3749794569391
26 81.16704534355496
27 116.12637618316475
28 87.4926352621241
29 83.4026113142364
30 92.58234990807148
31 83.37060922537812
32 97.2034899712498
33 82.92573061633844
34 78.30802640686024
35 79.00386919382845
36 82.78564638609535
37 82.32368806170525
38 84.31786981939568
39 92.64593340096056
40 81.46557958142836
41 73.16568861912504
42 80.9612007879933
43 95.57938072263752
44 83.19941995962921
45 84.24257717961956
46 83.81352594340663
47 85.91592412543518
48 74.97031228956615
49 84.94217745080793
50 86.84702936880123
