1 183.2677704068814
2 206.07276633236324
3 193.2918334726015
4 194.83967026034236
5 185.55292272943333
6 189.82792849747923
7 160.5364786117747
8 180.3048626781779
9 201.37848716128832
10 150.0596587403833
11 173.88845626593346
12 182.13102889541344
13 212.9735777052354
14 203.4276122369729
15 162.5113704062402
16 210.7611157518188
17 208.1441943371588
18 198.69464379019365
19 200.7833978022393
20 204.21765089338712
21 217.30969759705923
22 148.34603074584422
23 196.46007341955038
24 127.46674209787794
25 208.02751444899866
26 178.73089897923677
27 197.81484190300512
28 193.30309989033157
29 160.95243775150365
30 210.10047502962522
31 175.54242225820178
32 193.62455645579374
33 176.40273492433758
34 114.65851319335496
35 166.93186510442519
36 181.04226635023505
37 215.15182001520105
38 191.15035107683914
39 176.34253767689904
40 172.83095674805003
41 193.56907222818208
42 197.46488131365564
43 198.25669913187505
44 179.93312178646568
45 190.93224371724742
46 208.49148382461362
47 168.07321330972158
48 213.5285152328395
49 191.30519078947412
50 158.878874536505
