1 184.0493460468346
2 160.82327164315956
3 190.8943073584878
4 147.54317937121564
5 148.7262326803564
6 162.7002599675676
7 183.8904641996285
8 201.33018210499745
9 146.6574558215561
10 207.21335317082128
11 156.57225041474732
12 167.3337835687186
13 124.80623142314552
14 130.27025870012142
15 194.22408391563482
16 177.283712831409
17 202.73774970119848
18 244.25066372783604
19 165.24043525943898
20 139.84058055564154
21 117.34590578727794
22 164.26972296802174
23 165.36690653773732
24 153.4352742032693
25 163.13869461969287
26 174.6120314376663
27 108.23300994196778
28 157.4943056989548
29 199.73428892311492
30 186.6105228700266
31 139.804659327624
32 181.41420633358962
33 156.2456762846886
34 137.9483885051284
35 162.43584654376343
36 132.53804999858238
37 144.14079339692208
38 137.60407474296218
39 213.97579578086842
40 162.01603199651342
41 147.1797567200038
42 171.1823547362077
43 271.9767787568475
44 203.69207842561107
45 166.80935985264438
46 176.49732437700376
47 145.5885763900721
48 133.30928771623164
49 163.5399039445447
50 151.29605409241495
