1 256.83755116710523
2 328.12456578734225
3 266.99565644219194
4 205.2443229993758
5 470.80334019172693
6 249.15772343328675
7 373.9353881662724
8 139.88635417226936
9 283.79864787772505
10 228.08113042055385
11 238.74034270449974
12 349.9399453882394
13 420.873748487926
14 329.3936002319277
15 183.66486713592394
16 574.0651012586538
17 199.87660892911254
18 255.60840313151695
19 170.8177273155591
20 408.23561349610424
21 387.40660357527963
22 217.05187615374376
23 348.7302982240664
24 314.0433457132245
25 180.2240790974354
26 187.83836963664345
27 272.88065140290854
28 309.76236065983227
29 264.060039600621
30 286.27206770248324
31 351.32200464207153
32 397.51869384804485
33 265.6145948613996
34 418.35644371736987
35 272.5415797786252
36 157.73668991165462
37 272.04226635169056
38 391.13043340516464
39 171.35602205663776
40 225.14182601470426
41 288.6938747383769
42 225.69707408030928
43 220.07941249851723
44 335.23530934807985
45 295.3248962886977
46 347.41809926265313
47 245.74033864537736
48 163.6019318276752
49 226.9950735458154
50 554.6514658645656
