1 36.356121088184004
2 41.3007778820837
3 46.58843753424668
4 29.039380360285453
5 38.00144065355968
6 40.24339444864368
7 45.55687729729306
8 36.96862015019833
9 44.06374984798945
10 42.51150611285807
11 30.480514428811556
12 38.92845490996901
13 36.42995961909998
14 40.049174250888406
15 32.935799042762184
16 38.26898519192339
17 44.11357317032391
18 38.66650923427643
19 37.247022198974484
20 45.71275373698639
21 43.76662053548078
22 41.645913699063414
23 36.319160966955096
24 44.877387052497426
25 38.86563170471155
26 40.078043923010775
27 35.23655032305086
28 45.960854888556035
29 40.18120362691604
30 37.71087119188694
31 37.45575531930924
32 47.2034430606441
33 33.243744866217156
34 44.25031893554236
35 43.36035704694784
36 47.74822053088894
37 37.72499187858223
38 36.93048412173919
39 41.499220967115605
40 39.97137729966175
41 42.4168374361254
42 44.832074234637616
43 31.098378519154114
44 43.11974305331863
45 39.16159096283455
46 35.21884191266944
47 41.365432320467896
48 41.3651872511313
49 34.15101915993997
50 38.12229952564076
