1 68.86264487135882
2 74.32534300576712
3 64.9088638462399
4 66.32479545756709
5 76.93935102004832
6 69.6801673559171
7 61.89461751770703
8 70.87539325232903
9 61.20655836086413
10 76.42399540409083
11 70.46537536251992
12 74.20751318281297
13 59.70827362433237
14 62.63023918101102
15 77.45464186984871
16 66.92206162516041
17 75.05501429258139
18 67.59145757980953
19 73.38315733446126
20 65.27876742285817
21 62.318657714791705
22 72.84141733346078
23 66.12945627126024
24 76.57443568417214
25 74.76607974042705
26 73.83151206006846
27 66.26039739295463
28 66.55990894992902
29 81.74634886824298
30 65.5539396563309
31 68.53386872693382
32 71.62436329118054
33 65.86660050198233
34 62.208498239142905
35 72.78971190941753
36 63.84864875294744
37 63.82098708157227
38 56.67527955897149
39 61.959108272723675
40 67.00534641516371
41 70.54024885801068
42 62.7537318129923
43 81.72977603121535
44 77.07650304605292
45 75.11036941316314
46 65.51216318696525
47 67.68421674788176
48 70.51784134715061
49 66.23010873107201
50 62.85277290256654
