1 70.30104800927847
2 79.88925865297543
3 80.56639249903698
4 91.66987884441934
5 88.96675803705294
6 84.69308770850311
7 91.21716803034614
8 87.23912142257512
9 73.74395955269621
10 91.12054341876873
11 80.7690558304874
12 85.3860910022181
13 71.78562863895455
14 70.83883330399013
15 84.97607750952447
16 80.12146856441686
17 77.12565659174128
18 78.23134750917794
19 77.49332607500251
20 74.10421346623394
21 74.27989220462781
22 95.02397682147615
23 80.85730038454432
24 97.926272797641
25 81.90883683484374
26 93.74244594730949
27 81.89750219053907
28 71.46238871683194
29 89.76124511034749
30 76.53560694254173
31 96.27787238632786
32 99.97530640985991
33 92.26958244461169
34 83.7413174289334
35 83.41024572124044
36 77.3683720743525
37 79.38276405109761
38 85.19885802432724
39 86.15234467746427
40 92.0054984153499
41 70.36096712754068
42 85.29096116685098
43 88.3249328214971
44 97.92100525592316
45 81.39379006234319
46 80.1196854319545
47 89.58761266930111
48 71.51083449376392
49 83.90001095173916
50 87.14376166306133
