1 100.21807714593251
2 84.42195701515456
3 83.7444026710578
4 85.13952812089946
5 92.16846237905116
6 110.47671002957028
7 93.85808111380881
8 73.59819197361895
9 113.8858819669004
10 70.28044555354421
11 102.23881905569961
12 93.83699312368455
13 124.50898778323923
14 108.14008052342231
15 92.57025066327625
16 83.2441686322815
17 81.72181096777548
18 83.3261177992114
19 91.35374320237493
20 108.92748458540096
21 120.32703467838974
22 95.10755584009908
23 119.11187688774048
24 81.23427890595639
25 77.96354926601917
26 78.71844037437522
27 126.27580251195297
28 101.93291040867565
29 75.4016237946042
30 81.2152743836367
31 94.51399471464858
32 82.38975254349788
33 100.45137003136561
34 87.98090270065094
35 90.34882995885485
36 124.53566238628383
37 104.31723102723251
38 107.19217180623902
39 91.31704538844242
40 98.3235605805336
41 92.19062846223578
42 104.87902101164957
43 62.21179595225039
44 62.10935394184576
45 76.16362450848237
46 98.45788182295563
47 105.25970879028594
48 101.40462507616118
49 83.8687478420953
50 99.81531231882019
