1 162.0855088981791
2 153.88761931374358
3 168.90875420673402
4 165.66545272411375
5 144.50849350405525
6 169.88813265679093
7 153.52302442422175
8 169.4636059940147
9 164.4505462265803
10 174.60293296981843
11 173.12574502876907
12 163.48247065507567
13 164.46559136976228
14 156.04966360067516
15 163.38947127780705
16 158.90803626300635
17 157.24924959873957
18 140.07396351885754
19 160.16878718791324
20 152.5562882783196
21 161.19915376443103
22 169.4649439329878
23 160.57764390613647
24 161.05184350070775
25 165.24126894985454
26 172.8933228450746
27 168.26323509784328
28 168.9880372391166
29 163.79883426244615
30 166.045079721359
31 164.45859184767903
32 164.59994767239326
33 166.80956302262686
34 145.95481000990776
35 167.2069368819561
36 169.01530835634634
37 171.83502786205852
38 161.27129004368743
39 166.60916066207005
40 171.9869076805771
41 158.1253859346452
42 173.28044255027302
43 173.7016737135879
44 166.28962915915372
45 168.3439516460613
46 173.11562191967005
47 155.20623550440902
48 154.20367759273918
49 165.18706849151303
50 170.1138546472618
