1 845.7424149539121
2 873.1268638844705
3 744.3822872329941
4 784.304242146867
5 691.7563479495702
6 638.1085009729525
7 885.8032332444127
8 819.0003698665332
9 744.2598473379776
10 841.3976903125455
11 738.0303090602717
12 809.3532622350947
13 749.0450858924327
14 883.1099142421939
15 749.4045633351311
16 706.7388284803775
17 781.661597384301
18 709.6273988295852
19 805.0614296651929
20 773.761197696195
21 810.6212400531698
22 747.220560669927
23 870.9972185765963
24 811.15721449516
25 763.7299822363033
26 700.0325252903724
27 790.2993774398113
28 776.7079690676426
29 743.7289367079796
30 738.0212921737578
31 814.8145870260081
32 887.5749664096073
33 795.7536173517498
34 775.3392871158362
35 792.7240746906289
36 741.6779890172062
37 800.7911274205733
38 782.4672090996696
39 837.1943538057558
40 815.2439605191662
41 806.7906514941417
42 759.9942884491415
43 722.100799784875
44 774.6495508233212
45 803.9248488754937
46 753.9472201037621
47 803.6472733606104
48 910.3485103166341
49 793.2494630459582
50 745.9006495872474
