1 249.91996995858594
2 258.45368076411165
3 240.94208738852547
4 251.16717385550947
5 258.8797136938183
6 255.03733753376076
7 258.6654634016845
8 248.88721573426895
9 251.44428393208588
10 236.51919959635438
11 240.7885277874006
12 250.71673660875632
13 254.10382108457873
14 257.5135458414992
15 250.2099910619537
16 247.86123344614563
17 249.90746966845575
18 253.3535560951642
19 251.17666199007402
20 248.75196107719293
21 254.73130283561474
22 250.8311712889689
23 256.9705242215173
24 260.23050244042923
25 254.25328675830664
26 242.20443930078545
27 248.53464050309725
28 251.2912674203818
29 246.3734514377631
30 249.49033625887077
31 254.06496273556616
32 259.74921203088803
33 252.63053272147516
34 242.63660780690142
35 245.17785670362522
36 252.60187170850168
37 249.01462358708605
38 266.3496002200016
39 246.15398407643886
40 248.7307697485746
41 262.2007702212796
42 247.13821699783986
43 238.88771784659522
44 250.73131232718416
45 259.1143794210524
46 244.2998060134728
47 255.4373654716259
48 255.5647164439384
49 254.32335053731785
50 250.0447894509897
