1 93.01383951682737
2 90.3495517900771
3 92.99567025298879
4 91.87209044213971
5 90.39878213607449
6 94.59900838683552
7 89.9444617239286
8 93.30178877840346
9 93.49036110733202
10 92.52297694709479
11 94.02696860644947
12 94.03518260428085
13 92.25210659223934
14 90.4112179404582
15 91.09910615693938
16 94.31152770780572
17 91.70474483362422
18 91.48176859095189
19 90.64723328184968
20 92.8498834411901
21 92.51303912960128
22 92.8281181212909
23 92.23765910902611
24 93.09419165166781
25 92.96299962846228
26 93.4218461698318
27 91.71668864618259
28 93.15762036825451
29 92.51812394323994
30 94.64597758694768
31 91.09937068897001
32 91.19644578979586
33 93.06375602595074
34 89.90038690280707
35 93.56173950787468
36 91.93452507515885
37 93.89907466356799
38 91.04022810406262
39 91.23066820712755
40 91.54767497141098
41 93.07597733356688
42 93.87546093558872
43 92.50759455334028
44 91.65180946156806
45 93.02743056088738
46 93.16881548849689
47 91.79854633466682
48 89.77600226682274
49 93.61890296012496
50 91.14025830521867
