1 205.2256826390676
2 203.97129752516278
3 201.04594532478376
4 205.46688580601216
5 188.1463430304817
6 200.9175150198031
7 204.8052802935373
8 208.8060737895418
9 204.18162112328676
10 203.96711728253578
11 204.79340240994708
12 207.71416565493396
13 202.3054489227888
14 204.87490478616525
15 198.89178379414383
16 199.61365591211018
17 201.47128602165998
18 191.96609280603099
19 201.53611858765083
20 199.2618974535631
21 203.02931849349798
22 202.98342162457527
23 205.75143660508505
24 204.76280303108086
25 203.67853820264475
26 200.56507786355127
27 205.3880433223046
28 207.3213604203419
29 202.3224174290462
30 204.0330555949966
31 204.77093403640436
32 207.99706326205055
33 206.52011010115575
34 196.0915544859552
35 205.6750805352921
36 202.24793307045098
37 208.03197090264806
38 202.653214491678
39 205.4062220759978
40 206.0548464230309
41 207.03554245999294
42 207.35776452773084
43 200.86038854774614
44 202.49287614040566
45 208.17473601761958
46 205.11973413162883
47 200.73880854883575
48 203.0133421108194
49 207.52415359418185
50 202.67221604004993
