1 61.85658206170619
2 60.39449109856684
3 60.42413763692735
4 63.63074315250104
5 59.79190991312324
6 62.09154974001991
7 58.80061032863386
8 61.32382617599892
9 62.4291274019663
10 62.98343738130722
11 61.74140427486884
12 59.85686833315427
13 60.71978004264216
14 57.39323536266785
15 58.4480336177596
16 61.85795512681424
17 60.86070480328241
18 59.21781278375049
19 89.0546331137815
20 60.60334714918359
21 59.67729398766053
22 60.09737722682172
23 59.68970333395794
24 57.83961199136967
25 59.592530073899525
26 63.29768026840214
27 60.03813640537064
28 60.1011821770945
29 61.57395960575035
30 61.8034181619875
31 60.48805719740041
32 58.923710077863895
33 59.128805687169425
34 62.165868228397784
35 63.192942293391454
36 60.92883609008095
37 60.71551215009028
38 58.76691466395027
39 61.167805604015655
40 60.104751590462996
41 59.31202314158022
42 60.84082850978223
43 63.0708261876697
44 62.76634046839342
45 59.28871567060983
46 61.81485717662663
47 62.41849418521165
48 60.831226306390995
49 58.164727857254746
50 59.672347654011254
