1 21.273886088743993
2 20.904125576641825
3 22.220705894180895
4 24.372189101001517
5 24.96629815683409
6 27.302485542067135
7 20.783380098872684
8 22.211139288679806
9 23.484122224286804
10 19.575499276013513
11 24.009336972772026
12 20.912440523463296
13 25.241179304612967
14 19.862722993291314
15 21.72677724736976
16 23.90852923446626
17 23.200507210082773
18 22.936262656877705
19 19.832119071999017
20 23.648688907090097
21 21.45799142788598
22 24.986299189534957
23 20.69424646125554
24 21.94755388016345
25 22.149139450126018
26 24.774623225502364
27 23.941325905538854
28 22.34007688014399
29 24.187398645351045
30 22.4010570552849
31 22.225980455057364
32 20.105333759338755
33 20.78361149292982
34 22.954452356870796
35 21.081573333115404
36 23.925616333126303
37 22.21358090678024
38 23.237232517540278
39 20.367383750962848
40 21.54008118298594
41 22.658617590663674
42 23.779126742743326
43 24.02379415942788
44 22.465790789512138
45 22.55358521436424
46 23.973340303977533
47 22.290249845246098
48 21.605218813889117
49 21.86606745099894
50 24.25716209646451
