1 118.74793774909296
2 120.75351239342275
3 117.92283076005745
4 119.00375527638195
5 119.35838834026691
6 113.09966943179657
7 120.4105580837616
8 118.80549353081088
9 118.1269398708801
10 119.57722616690336
11 117.21442966035904
12 118.4602501966375
13 117.4738335802046
14 121.68868665564571
15 121.33906561900481
16 118.71167834859396
17 120.3468522774705
18 119.86126250348553
19 121.43151483720693
20 123.15448251809252
21 122.21390488610045
22 118.81503463844781
23 117.75956149787181
24 118.74652366631092
25 115.79816199307926
26 118.47418115418503
27 118.6612900751964
28 118.86718637715495
29 116.70599995534205
30 119.30242889056464
31 121.79382826952181
32 121.37304156637487
33 118.52527274590085
34 120.74871763782949
35 120.15572740993942
36 118.01569544841927
37 117.34490819611979
38 118.36674332726916
39 120.32062767285669
40 120.64343065331629
41 117.43336020277802
42 118.26358215943982
43 117.49401205697686
44 118.81550384368563
45 120.986695915116
46 118.06803333553589
47 118.64741762155863
48 121.14970715262638
49 118.5706989359289
50 120.11601293941847
