1 66.01914000975016
2 65.31469455052572
3 66.89699306552436
4 63.156949123680896
5 66.17093876055132
6 61.592229838249025
7 67.41404835330992
8 62.80261767477615
9 63.72308837646896
10 63.749777100851375
11 62.32447818698836
12 66.97178083695381
13 64.31327377382864
14 65.22971177011033
15 67.37139173860336
16 61.294815241505574
17 64.6086612116178
18 67.0402337087259
19 65.47299136246946
20 64.64938812680242
21 65.86777446268432
22 65.26351969048031
23 69.72835301226617
24 67.90369950415084
25 66.54298378473241
26 64.01643747548911
27 65.73680537188675
28 65.36236255810176
29 64.27081536259611
30 63.908643013513725
31 66.1831020234327
32 67.75212797803097
33 67.69915290645946
34 66.43180616916302
35 65.81986999384011
36 65.94344835948645
37 63.475600490610056
38 66.0399988683851
39 65.97305853187008
40 64.7593118027898
41 65.31257163086939
42 62.59545617714759
43 62.4242705784713
44 64.04499383807172
45 65.34348463696921
46 64.48667309836891
47 64.310230961068
48 68.22404647757996
49 69.40610601871495
50 62.63542633485426
