1.102
2.729
1.183
1.782
2.937
1.482
5.212
4.085
2.531
6.577
0.817
5.235
8.114
16.558
1.827
2.801
1.764
4.731
7.718
2.649
4.627
4.398
2.637
10.778
13.339
7.414
13.665
7.863
4.11
3.948
10.928
5.87
2.731
4.531
1.88
4.73
8.284
14.222
4.831
4.766
5.25
4.461
2.764
5.798
4.898
13.116
1.112
1.749
5.014
4.863
9.78
3.316
5.036
18.368
3.116
6.049
4.98
3.882
7.313
2.615
2.549
10.437
10.609
2.127
3.419
15.091
5.58
7.679
3.832
3.365
3.315
4.032
0.567
4.097
1.904
17.127
17.82
2.043
1.248
7.397
6.164
5.732
5.346
1.949
14.111
3.798
10.411
6.298
7.981
17.492
3.931
11.13
11.592
7.13
2.283
7.363
2.45
10.045
3.065
2.315
6.365
3.931
4.034
2.246
1.882
2.249
4.065
2.133
17.425
2.316
10.512
4.75
3.48
5.599
5.146
4.166
1.099
8.029
6.447
10.212
4.548
15.159
6.182
3.199
2.781
2.348
13.944
2.501
7.413
11.676
6.333
3.365
3.863
11.929
2.248
3.482
3.598
9.264
3.697
4.698
7.131
1.45
4.43
1.6
5.33
3.532
2.2
13.359
5.882
4.532
2.914
3.347
2.633
8.031
10.879
7.095
4.683
23.288
2.633
2.766
16.859
7.378
7.565
27.403
3.232
4.416
59.705
5.132
18.408
3.98
5.814
3.682
4.516
7.763
5.046
13.944
4.132
5.065
2.666
5.013
4.049
1.033
3.347
2.116
5.815
3.515
2.765
6.547
3.301
5.262
3.733
16.658
6.098
3.799
6.062
7.03
17.159
12.961
2.649
5.882
5.697
1.931
8.746
4.831
1.865
2.467
3.949
5.413
3.317
4.513
10.545
3.766
3.933
3.096
1.916
2.549
3.198
5.615
2.831
2.699
3.683
15.043
4.363
4.065
1.934
3.098
6.146
5.499
9.014
4.547
4.28
12.096
2.647
10.779
4.065
11.111
4.732
9.878
7.198
3.315
3.398
3.149
2.665
10.861
15.494
4.764
11.595
7.53
5.68
3.017
5.23
2.849
13.712
4.312
6.131
3.133
1.949
3.865
9.128
5.715
2.099
26.156
