5.591
3.034
4.976
1.774
2.49
2.424
6.559
2.378
3.401
6.068
8.147
2.19
1.645
55.79
3.223
4.282
1.871
3.711
6.999
2.295
6.542
12.257
2.751
4.735
2.279
5.51
4.4
4.866
21.907
1.857
3.092
1.384
4.816
8.088
3.293
2.864
26.321
1.726
2.164
4.655
1.711
12.232
2.006
4.15
38.25
4.41
8.188
16.406
1.389
5.928
3.567
3.729
3.355
1.905
21.402
2.455
3.145
2.74
9.213
6.725
4.957
13.227
2.964
9.584
3.645
2.952
1.494
15.286
9.908
5.261
6.923
15.958
3.274
10.879
17.889
2.857
49.753
4.847
3.47
10.464
3.729
7.606
1.579
2.15
2.722
3.647
4.023
4.901
4.759
16.143
2.656
2.885
0.639
2.978
4.432
2.869
1.268
23.787
15.818
2.981
2.526
20.539
28.012
1.71
28.291
7.849
2.296
11.665
3.828
2.101
2.168
2.426
23.02
2.487
2.934
5.182
3.095
3.698
4.253
2.005
3.778
2.482
1.316
3.91
83.197
20.803
1.746
2.898
3.227
4.024
3.245
3.204
2.362
4.989
2.668
3.621
26.958
3.633
8.896
3.388
2.364
3.487
4.25
2.051
8.539
3.243
2.46
3.195
24.291
4.772
2.573
2.054
2.835
1.077
4.446
8.774
31.768
2.172
15.019
11.272
2.655
38.084
5.442
7.946
3.125
19.313
1.938
2.266
3.844
11.661
2.199
7.867
9.123
54.77
70.779
5.099
3.649
2.753
5.655
2.675
3.857
1.269
29.763
18.146
32.352
1.042
3.599
1.923
8.408
11.643
0.913
3.977
11.711
5.618
2.248
3.678
1.531
1.37
2.766
3.679
32.545
2.118
57.576
16.535
12.868
27.922
22.479
2.59
0.978
2.486
1.519
6.078
