3.226
2.146
6.248
1.45
1.866
0.903
8.759
2.25
1.964
2.266
1.083
1.966
3.232
2.483
4.63
3.699
2.366
25.488
3.181
1.7
5.336
2.943
4.565
2.665
3.783
3.003
10.34
2.366
2.665
1.951
1.116
5.847
7.512
2.15
0.948
8.93
2.598
1.6
1.166
22.756
3.115
2.416
1.932
2.866
5.481
8.463
4.182
9.794
3.333
4.281
2.798
5.081
3.382
3.265
2.332
2.65
4.514
14.177
5.681
8.431
5.797
10.111
6.647
2.983
3.374
2.822
4.065
6.047
2.049
1.933
4.166
4.598
1.899
3.714
2.348
3.715
6.098
5.563
5.848
1.968
2.48
4.132
1.699
3.348
2.351
2.815
2.664
2.349
1.95
1.366
2.998
5.715
2.848
3.416
3.147
3.149
6.097
11.629
4.597
2.832
1.599
5.631
7.531
4.597
2.665
2.134
3.397
2.734
2.863
4.382
1.818
4.68
3.898
2.999
4.48
3.482
2.849
3.479
2.985
1.516
4.131
4.382
2.432
2.998
2.799
3.215
5.464
3.232
6.997
2.499
4.032
8.779
3.532
2.699
1.448
1.867
2.065
1.301
5.681
2.547
2.982
5.083
19.339
6.682
0.799
4.447
2.367
3.665
1.915
6.664
3.148
8.731
4.746
1.318
2.398
2.366
7.98
7.629
3.283
8.577
3.133
2.018
2.879
4.016
12.91
3.203
1.662
1.166
0.816
5.448
4.416
2.697
1.767
1.249
1.702
1.897
10.01
2.785
3.179
4.184
1.649
2.964
1.484
3.214
2.066
3.298
1.601
1.414
2.933
3.332
1.649
3.382
2.049
1.549
4.781
2.932
2.383
1.417
1.582
2.514
2.584
1.797
2.35
1.849
2.315
5.298
4.232
4.298
7.812
1.801
6.23
1.149
1.166
2.165
16.476
2.133
7.996
1.783
1.432
7.255
22.215
5.031
25.672
7.297
1.3
4.514
1.732
1.733
3.184
2.646
2.399
9.379
3.132
1.884
6.313
3.748
3.065
1.866
4.583
2.447
7.163
16.576
2.483
4.281
1.734
2.248
2.866
1.965
2.965
3.45
3.049
1.948
4.232
1.565
9.897
1.032
1.433
24.421
20.092
2.664
2.1
3.699
2
2.798
2.631
5.464
3.548
1.901
2.649
3.082
5.214
13.761
2.732
0.749
1.55
1.847
1.384
2.332
7.729
11.895
4.731
5.331
9.612
2.25
1.199
1.965
5.015
2.483
1.615
4.181
11.262
2.466
2.734
3.196
4.932
4.231
1.385
2.764
12.676
1.284
2.349
21.839
9.862
1.251
3.264
2.782
1.85
1.399
1.716
2.499
14.543
3.332
8.795
10.262
16.093
7.713
1.633
2.815
5.315
3.565
1.068
31.633
1.634
1.231
1.634
1.966
2.865
2.465
2.018
1.33
9.263
19.975
4.231
2.832
4.581
1.983
1.55
2.016
1.017
3.014
3.167
1.181
3.898
2.948
3.765
2.499
1.232
0.884
1.168
2.514
2.448
2.533
3.898
1.984
1.831
2.051
2.181
3.582
1.992
3.387
5.048
1.933
6.131
1.284
5.131
2.097
3.249
1.5
4.43
5.732
2.849
2.232
45.895
2.932
3.932
6.563
3.249
2.099
3.451
0.931
1.6
2.565
3.814
2.166
2.282
1.099
1.6
2.151
3.962
1.883
19.175
10.295
3.165
4.283
1.348
2.183
1.183
3.114
10.362
1.333
8.189
4.656
2.399
9.614
1.282
3.414
2.049
3.615
4.798
2.782
4.314
1.436
1.679
1.966
1.017
5.548
23.594
